&BASIC
!------------Basic thermodynamic parameters -----------------------
T=58            ! temperature (K)
target_density=6d0, density_tol=1.0d-2    ! electron density, tolerance
mu=5.9d+0   ! guess for unrenormalized chemical potential (eV)

!-------------------- Interaction parameters  ------------------------------
h1_U=1.5d0, h1_Up= 1.2d0, h1_J= 0.15d0, h1_Jp= 0.15d0 ! U , U' , J , J' (eV) for H1

!---------Sigma input and output ----------------------------------------------
sigma_input=.true.,  sigma_input_file="sig_output"             ! input
sigma_output=.true., sigma_output_file="sig_output"             ! output

!----------FEA parameters ------------------------------------------------
G_tol=5d-2, max_iter= 50000             ! tolerance in sigma, maximum iterations
spin_state=1 ! spin state, 1 or 3
mixer_method=4, mixer_beta=0.9
! 0 no mixing, 1 linear mixing, 2 Pulay mixing, 3 Refined pulay mixer
! mixer_beta is the ratio of G1, which also be used in Pulay mixing
! set mixer_beta=1 to use pure Pulay mixing

!----------Data Processing----------------------------------
solve_eliashberg = .true.
test_band = .false.
/

&band
!***********-Band structure-****************************************
!--------------orbital level-------------
eigen_value=10.75,10.96,10.96,11.12,10.62
/
HOPPING
------------------- [ -2, -2] hopping------------------------
 1,  1  (-0.006D0, -0.000D0)
 1,  2  (-0.002D0,  0.002D0)
 1,  3  ( 0.016D0, -0.000D0)
 1,  4  (-0.013D0,  0.000D0)
 1,  5  (-0.000D0,  0.000D0)
 2,  1  ( 0.002D0,  0.001D0)
 2,  2  (-0.005D0, -0.000D0)
 2,  3  (-0.010D0, -0.007D0)
 2,  4  (-0.002D0, -0.001D0)
 2,  5  ( 0.002D0,  0.000D0)
 3,  1  (-0.016D0,  0.000D0)
 3,  2  (-0.009D0,  0.007D0)
 3,  3  ( 0.061D0,  0.000D0)
 3,  4  ( 0.014D0,  0.001D0)
 3,  5  (-0.000D0,  0.000D0)
 4,  1  (-0.013D0,  0.000D0)
 4,  2  ( 0.002D0, -0.002D0)
 4,  3  (-0.013D0, -0.001D0)
 4,  4  (-0.045D0, -0.000D0)
 4,  5  ( 0.000D0, -0.000D0)
 5,  1  (-0.000D0, -0.000D0)
 5,  2  (-0.002D0, -0.000D0)
 5,  3  ( 0.000D0, -0.000D0)
 5,  4  ( 0.000D0, -0.000D0)
 5,  5  ( 0.012D0,  0.000D0)
------------------- [ -2, -1] hopping------------------------
 1,  1  ( 0.012D0,  0.000D0)
 1,  2  (-0.001D0, -0.000D0)
 1,  3  (-0.001D0,  0.000D0)
 1,  4  (-0.008D0, -0.000D0)
 1,  5  (-0.002D0, -0.000D0)
 2,  1  (-0.001D0, -0.000D0)
 2,  2  ( 0.005D0,  0.000D0)
 2,  3  ( 0.001D0,  0.000D0)
 2,  4  ( 0.001D0,  0.001D0)
 2,  5  ( 0.005D0,  0.000D0)
 3,  1  (-0.001D0,  0.000D0)
 3,  2  ( 0.001D0, -0.000D0)
 3,  3  ( 0.001D0, -0.000D0)
 3,  4  (-0.003D0, -0.000D0)
 3,  5  ( 0.001D0, -0.000D0)
 4,  1  (-0.008D0, -0.000D0)
 4,  2  ( 0.000D0, -0.000D0)
 4,  3  (-0.003D0, -0.000D0)
 4,  4  ( 0.004D0,  0.000D0)
 4,  5  (-0.002D0,  0.000D0)
 5,  1  (-0.002D0, -0.000D0)
 5,  2  ( 0.005D0,  0.000D0)
 5,  3  ( 0.001D0,  0.000D0)
 5,  4  (-0.002D0,  0.000D0)
 5,  5  ( 0.002D0,  0.000D0)
------------------- [ -2, 0] hopping------------------------
 1,  1  (-0.015D0,  0.000D0)
 1,  2  ( 0.012D0, -0.001D0)
 1,  3  (-0.011D0,  0.001D0)
 1,  4  (-0.000D0, -0.000D0)
 1,  5  (-0.037D0,  0.000D0)
 2,  1  (-0.013D0, -0.001D0)
 2,  2  (-0.015D0, -0.000D0)
 2,  3  ( 0.022D0, -0.001D0)
 2,  4  (-0.012D0,  0.001D0)
 2,  5  ( 0.002D0, -0.000D0)
 3,  1  ( 0.011D0,  0.001D0)
 3,  2  ( 0.022D0,  0.000D0)
 3,  3  (-0.006D0, -0.000D0)
 3,  4  (-0.016D0,  0.001D0)
 3,  5  (-0.004D0,  0.000D0)
 4,  1  (-0.000D0,  0.000D0)
 4,  2  ( 0.013D0,  0.001D0)
 4,  3  ( 0.015D0,  0.001D0)
 4,  4  ( 0.005D0,  0.000D0)
 4,  5  (-0.000D0, -0.000D0)
 5,  1  (-0.037D0, -0.000D0)
 5,  2  (-0.002D0, -0.000D0)
 5,  3  ( 0.003D0,  0.000D0)
 5,  4  (-0.000D0,  0.000D0)
 5,  5  (-0.035D0,  0.000D0)
------------------- [ -2, 1] hopping------------------------
 1,  1  (-0.002D0,  0.000D0)
 1,  2  (-0.013D0,  0.000D0)
 1,  3  ( 0.005D0, -0.001D0)
 1,  4  ( 0.010D0, -0.000D0)
 1,  5  (-0.006D0, -0.000D0)
 2,  1  (-0.013D0, -0.001D0)
 2,  2  (-0.001D0, -0.000D0)
 2,  3  ( 0.009D0, -0.000D0)
 2,  4  ( 0.020D0,  0.002D0)
 2,  5  (-0.006D0,  0.000D0)
 3,  1  ( 0.004D0,  0.001D0)
 3,  2  ( 0.009D0,  0.000D0)
 3,  3  ( 0.003D0, -0.000D0)
 3,  4  (-0.011D0, -0.002D0)
 3,  5  (-0.003D0,  0.000D0)
 4,  1  ( 0.010D0, -0.000D0)
 4,  2  ( 0.019D0, -0.001D0)
 4,  3  (-0.012D0,  0.001D0)
 4,  4  (-0.031D0, -0.000D0)
 4,  5  ( 0.015D0,  0.000D0)
 5,  1  (-0.006D0, -0.000D0)
 5,  2  (-0.006D0, -0.000D0)
 5,  3  (-0.002D0, -0.001D0)
 5,  4  ( 0.015D0,  0.000D0)
 5,  5  ( 0.001D0,  0.000D0)
------------------- [ -2, 2] hopping------------------------
 1,  1  (-0.007D0, -0.000D0)
 1,  2  (-0.016D0,  0.000D0)
 1,  3  (-0.002D0, -0.002D0)
 1,  4  ( 0.014D0, -0.000D0)
 1,  5  (-0.000D0, -0.000D0)
 2,  1  ( 0.016D0, -0.000D0)
 2,  2  ( 0.062D0, -0.000D0)
 2,  3  ( 0.009D0,  0.007D0)
 2,  4  ( 0.014D0,  0.001D0)
 2,  5  ( 0.000D0,  0.000D0)
 3,  1  ( 0.002D0, -0.002D0)
 3,  2  ( 0.009D0, -0.007D0)
 3,  3  (-0.005D0, -0.000D0)
 3,  4  ( 0.002D0, -0.001D0)
 3,  5  (-0.002D0, -0.000D0)
 4,  1  ( 0.014D0, -0.000D0)
 4,  2  (-0.015D0, -0.001D0)
 4,  3  (-0.002D0, -0.002D0)
 4,  4  (-0.045D0, -0.000D0)
 4,  5  (-0.000D0,  0.000D0)
 5,  1  (-0.000D0,  0.000D0)
 5,  2  (-0.000D0,  0.000D0)
 5,  3  ( 0.002D0,  0.000D0)
 5,  4  (-0.000D0,  0.000D0)
 5,  5  ( 0.012D0, -0.000D0)
------------------- [ -1, -2] hopping------------------------
 1,  1  ( 0.012D0,  0.000D0)
 1,  2  ( 0.001D0, -0.000D0)
 1,  3  (-0.001D0,  0.000D0)
 1,  4  (-0.008D0, -0.000D0)
 1,  5  ( 0.002D0, -0.000D0)
 2,  1  ( 0.001D0, -0.000D0)
 2,  2  ( 0.006D0, -0.000D0)
 2,  3  (-0.000D0,  0.000D0)
 2,  4  ( 0.001D0,  0.001D0)
 2,  5  ( 0.005D0,  0.000D0)
 3,  1  (-0.001D0,  0.000D0)
 3,  2  (-0.001D0, -0.000D0)
 3,  3  ( 0.000D0,  0.000D0)
 3,  4  (-0.003D0, -0.000D0)
 3,  5  ( 0.000D0, -0.000D0)
 4,  1  (-0.008D0, -0.000D0)
 4,  2  ( 0.000D0, -0.000D0)
 4,  3  (-0.003D0, -0.000D0)
 4,  4  ( 0.004D0,  0.000D0)
 4,  5  ( 0.002D0, -0.000D0)
 5,  1  ( 0.002D0, -0.000D0)
 5,  2  ( 0.005D0,  0.000D0)
 5,  3  ( 0.000D0,  0.000D0)
 5,  4  ( 0.002D0,  0.000D0)
 5,  5  ( 0.002D0,  0.000D0)
------------------- [ -1, -1] hopping------------------------
 1,  1  (-0.035D0, -0.000D0)
 1,  2  (-0.019D0,  0.016D0)
 1,  3  ( 0.149D0,  0.001D0)
 1,  4  ( 0.108D0,  0.001D0)
 1,  5  ( 0.000D0,  0.000D0)
 2,  1  ( 0.021D0,  0.014D0)
 2,  2  ( 0.093D0,  0.000D0)
 2,  3  (-0.028D0, -0.022D0)
 2,  4  ( 0.006D0,  0.004D0)
 2,  5  (-0.090D0,  0.000D0)
 3,  1  (-0.153D0, -0.001D0)
 3,  2  (-0.029D0,  0.021D0)
 3,  3  ( 0.301D0, -0.000D0)
 3,  4  (-0.048D0,  0.001D0)
 3,  5  (-0.012D0,  0.010D0)
 4,  1  ( 0.106D0,  0.001D0)
 4,  2  (-0.005D0,  0.004D0)
 4,  3  ( 0.051D0, -0.001D0)
 4,  4  ( 0.071D0,  0.001D0)
 4,  5  ( 0.001D0,  0.001D0)
 5,  1  (-0.000D0,  0.000D0)
 5,  2  ( 0.090D0, -0.000D0)
 5,  3  ( 0.013D0,  0.009D0)
 5,  4  (-0.000D0,  0.001D0)
 5,  5  (-0.071D0, -0.000D0)
------------------- [ -1, 0] hopping------------------------
 1,  1  (-0.026D0,  0.000D0)
 1,  2  (-0.010D0,  0.001D0)
 1,  3  ( 0.020D0, -0.001D0)
 1,  4  ( 0.031D0, -0.000D0)
 1,  5  (-0.013D0, -0.000D0)
 2,  1  (-0.010D0, -0.003D0)
 2,  2  (-0.005D0, -0.000D0)
 2,  3  ( 0.003D0, -0.001D0)
 2,  4  ( 0.019D0,  0.003D0)
 2,  5  ( 0.008D0,  0.000D0)
 3,  1  ( 0.019D0,  0.001D0)
 3,  2  ( 0.002D0,  0.001D0)
 3,  3  ( 0.002D0,  0.000D0)
 3,  4  (-0.018D0, -0.002D0)
 3,  5  ( 0.000D0, -0.001D0)
 4,  1  ( 0.031D0, -0.000D0)
 4,  2  ( 0.018D0, -0.001D0)
 4,  3  (-0.019D0,  0.001D0)
 4,  4  (-0.034D0,  0.000D0)
 4,  5  (-0.002D0,  0.000D0)
 5,  1  (-0.013D0, -0.000D0)
 5,  2  ( 0.009D0,  0.000D0)
 5,  3  ( 0.000D0,  0.001D0)
 5,  4  (-0.002D0, -0.000D0)
 5,  5  (-0.000D0,  0.000D0)
------------------- [ -1, 1] hopping------------------------
 1,  1  (-0.028D0, -0.000D0)
 1,  2  (-0.155D0, -0.001D0)
 1,  3  (-0.020D0, -0.016D0)
 1,  4  (-0.110D0, -0.001D0)
 1,  5  (-0.000D0,  0.000D0)
 2,  1  ( 0.152D0,  0.001D0)
 2,  2  ( 0.305D0, -0.000D0)
 2,  3  ( 0.028D0,  0.020D0)
 2,  4  (-0.045D0,  0.002D0)
 2,  5  (-0.012D0, -0.010D0)
 3,  1  ( 0.020D0, -0.014D0)
 3,  2  ( 0.026D0, -0.021D0)
 3,  3  ( 0.089D0, -0.000D0)
 3,  4  (-0.005D0,  0.004D0)
 3,  5  ( 0.089D0, -0.001D0)
 4,  1  (-0.111D0, -0.001D0)
 4,  2  ( 0.042D0, -0.002D0)
 4,  3  ( 0.005D0,  0.003D0)
 4,  4  ( 0.064D0,  0.001D0)
 4,  5  ( 0.000D0, -0.000D0)
 5,  1  ( 0.001D0,  0.000D0)
 5,  2  ( 0.013D0, -0.009D0)
 5,  3  (-0.088D0,  0.000D0)
 5,  4  (-0.001D0, -0.001D0)
 5,  5  (-0.070D0, -0.000D0)
------------------- [ -1, 2] hopping------------------------
 1,  1  (-0.002D0,  0.000D0)
 1,  2  (-0.012D0, -0.001D0)
 1,  3  (-0.007D0, -0.001D0)
 1,  4  ( 0.010D0,  0.000D0)
 1,  5  ( 0.007D0, -0.000D0)
 2,  1  (-0.012D0,  0.000D0)
 2,  2  ( 0.003D0,  0.000D0)
 2,  3  (-0.009D0, -0.000D0)
 2,  4  ( 0.016D0, -0.001D0)
 2,  5  ( 0.007D0,  0.000D0)
 3,  1  (-0.007D0,  0.001D0)
 3,  2  (-0.010D0, -0.000D0)
 3,  3  (-0.001D0, -0.000D0)
 3,  4  ( 0.016D0, -0.002D0)
 3,  5  (-0.000D0, -0.001D0)
 4,  1  ( 0.010D0,  0.000D0)
 4,  2  ( 0.016D0,  0.002D0)
 4,  3  ( 0.015D0,  0.002D0)
 4,  4  (-0.031D0, -0.000D0)
 4,  5  (-0.015D0, -0.000D0)
 5,  1  ( 0.006D0,  0.000D0)
 5,  2  ( 0.007D0, -0.000D0)
 5,  3  (-0.001D0,  0.001D0)
 5,  4  (-0.015D0, -0.000D0)
 5,  5  ( 0.001D0,  0.000D0)
------------------- [ 0, -2] hopping------------------------
 1,  1  (-0.015D0,  0.000D0)
 1,  2  (-0.010D0, -0.001D0)
 1,  3  (-0.013D0, -0.001D0)
 1,  4  (-0.000D0, -0.000D0)
 1,  5  ( 0.037D0,  0.000D0)
 2,  1  ( 0.010D0, -0.001D0)
 2,  2  (-0.004D0,  0.001D0)
 2,  3  (-0.023D0,  0.000D0)
 2,  4  ( 0.015D0,  0.001D0)
 2,  5  ( 0.003D0, -0.000D0)
 3,  1  ( 0.013D0, -0.001D0)
 3,  2  (-0.023D0, -0.000D0)
 3,  3  (-0.017D0, -0.000D0)
 3,  4  (-0.012D0, -0.001D0)
 3,  5  ( 0.003D0,  0.000D0)
 4,  1  (-0.000D0, -0.000D0)
 4,  2  (-0.015D0,  0.001D0)
 4,  3  ( 0.012D0, -0.001D0)
 4,  4  ( 0.005D0, -0.000D0)
 4,  5  ( 0.001D0, -0.000D0)
 5,  1  ( 0.037D0, -0.000D0)
 5,  2  (-0.003D0,  0.001D0)
 5,  3  (-0.002D0,  0.000D0)
 5,  4  ( 0.001D0,  0.000D0)
 5,  5  (-0.035D0, -0.000D0)
------------------- [ 0, -1] hopping------------------------
 1,  1  (-0.026D0,  0.000D0)
 1,  2  ( 0.005D0,  0.001D0)
 1,  3  ( 0.021D0,  0.000D0)
 1,  4  ( 0.031D0, -0.000D0)
 1,  5  ( 0.013D0, -0.000D0)
 2,  1  ( 0.005D0, -0.002D0)
 2,  2  (-0.004D0,  0.000D0)
 2,  3  (-0.005D0, -0.000D0)
 2,  4  (-0.013D0,  0.003D0)
 2,  5  ( 0.008D0, -0.000D0)
 3,  1  ( 0.021D0, -0.001D0)
 3,  2  (-0.005D0,  0.001D0)
 3,  3  ( 0.000D0,  0.000D0)
 3,  4  (-0.023D0,  0.002D0)
 3,  5  ( 0.001D0, -0.001D0)
 4,  1  ( 0.030D0, -0.000D0)
 4,  2  (-0.013D0, -0.001D0)
 4,  3  (-0.022D0, -0.001D0)
 4,  4  (-0.034D0,  0.001D0)
 4,  5  ( 0.002D0, -0.000D0)
 5,  1  ( 0.013D0, -0.000D0)
 5,  2  ( 0.008D0,  0.000D0)
 5,  3  ( 0.001D0,  0.001D0)
 5,  4  ( 0.002D0, -0.000D0)
 5,  5  (-0.000D0,  0.000D0)
------------------- [ 0, 0] hopping------------------------
 1,  1  ( 5.736D0,  0.000D0)
 1,  2  (-0.001D0, -0.001D0)
 1,  3  (-0.002D0,  0.000D0)
 1,  4  (-0.005D0, -0.000D0)
 1,  5  ( 0.000D0, -0.000D0)
 2,  1  (-0.001D0,  0.001D0)
 2,  2  ( 6.174D0,  0.000D0)
 2,  3  (-0.002D0, -0.001D0)
 2,  4  (-0.001D0,  0.001D0)
 2,  5  (-0.001D0,  0.000D0)
 3,  1  (-0.002D0, -0.000D0)
 3,  2  (-0.002D0,  0.001D0)
 3,  3  ( 6.168D0,  0.000D0)
 3,  4  ( 0.001D0,  0.001D0)
 3,  5  ( 0.000D0, -0.001D0)
 4,  1  (-0.005D0,  0.000D0)
 4,  2  (-0.001D0, -0.001D0)
 4,  3  ( 0.001D0, -0.001D0)
 4,  4  ( 6.027D0,  0.000D0)
 4,  5  (-0.000D0,  0.000D0)
 5,  1  ( 0.000D0,  0.000D0)
 5,  2  (-0.001D0, -0.000D0)
 5,  3  ( 0.000D0,  0.001D0)
 5,  4  (-0.000D0, -0.000D0)
 5,  5  ( 5.886D0,  0.000D0)
------------------- [ 0, 1] hopping------------------------
 1,  1  (-0.026D0, -0.000D0)
 1,  2  (-0.005D0, -0.002D0)
 1,  3  (-0.021D0, -0.001D0)
 1,  4  ( 0.031D0,  0.000D0)
 1,  5  ( 0.013D0,  0.000D0)
 2,  1  (-0.004D0,  0.002D0)
 2,  2  (-0.004D0, -0.000D0)
 2,  3  (-0.004D0, -0.001D0)
 2,  4  ( 0.013D0, -0.001D0)
 2,  5  (-0.008D0,  0.000D0)
 3,  1  (-0.021D0,  0.001D0)
 3,  2  (-0.005D0,  0.000D0)
 3,  3  ( 0.000D0, -0.000D0)
 3,  4  ( 0.023D0, -0.002D0)
 3,  5  (-0.001D0,  0.001D0)
 4,  1  ( 0.031D0,  0.000D0)
 4,  2  ( 0.014D0,  0.002D0)
 4,  3  ( 0.022D0,  0.001D0)
 4,  4  (-0.034D0, -0.001D0)
 4,  5  ( 0.002D0,  0.000D0)
 5,  1  ( 0.013D0,  0.000D0)
 5,  2  (-0.008D0, -0.000D0)
 5,  3  (-0.001D0, -0.001D0)
 5,  4  ( 0.002D0, -0.000D0)
 5,  5  (-0.000D0, -0.000D0)
------------------- [ 0, 2] hopping------------------------
 1,  1  (-0.015D0, -0.000D0)
 1,  2  ( 0.010D0,  0.001D0)
 1,  3  ( 0.013D0,  0.001D0)
 1,  4  (-0.000D0,  0.000D0)
 1,  5  ( 0.037D0,  0.000D0)
 2,  1  (-0.010D0,  0.001D0)
 2,  2  (-0.004D0, -0.001D0)
 2,  3  (-0.023D0,  0.000D0)
 2,  4  (-0.015D0, -0.001D0)
 2,  5  (-0.003D0, -0.001D0)
 3,  1  (-0.013D0,  0.001D0)
 3,  2  (-0.023D0, -0.000D0)
 3,  3  (-0.017D0,  0.000D0)
 3,  4  ( 0.012D0,  0.001D0)
 3,  5  (-0.002D0, -0.000D0)
 4,  1  (-0.000D0,  0.000D0)
 4,  2  ( 0.015D0, -0.001D0)
 4,  3  (-0.012D0,  0.001D0)
 4,  4  ( 0.005D0,  0.000D0)
 4,  5  ( 0.001D0, -0.000D0)
 5,  1  ( 0.037D0, -0.000D0)
 5,  2  ( 0.003D0,  0.000D0)
 5,  3  ( 0.003D0, -0.000D0)
 5,  4  ( 0.001D0,  0.000D0)
 5,  5  (-0.035D0,  0.000D0)
------------------- [ 1, -2] hopping------------------------
 1,  1  (-0.002D0, -0.000D0)
 1,  2  ( 0.012D0,  0.000D0)
 1,  3  ( 0.007D0,  0.001D0)
 1,  4  ( 0.010D0, -0.000D0)
 1,  5  ( 0.006D0, -0.000D0)
 2,  1  ( 0.012D0, -0.001D0)
 2,  2  ( 0.003D0,  0.000D0)
 2,  3  (-0.010D0,  0.000D0)
 2,  4  (-0.016D0,  0.002D0)
 2,  5  (-0.007D0, -0.000D0)
 3,  1  ( 0.008D0, -0.001D0)
 3,  2  (-0.009D0,  0.000D0)
 3,  3  (-0.001D0,  0.000D0)
 3,  4  (-0.016D0,  0.002D0)
 3,  5  ( 0.001D0,  0.001D0)
 4,  1  ( 0.010D0, -0.000D0)
 4,  2  (-0.016D0, -0.001D0)
 4,  3  (-0.015D0, -0.001D0)
 4,  4  (-0.030D0,  0.000D0)
 4,  5  (-0.015D0,  0.000D0)
 5,  1  ( 0.006D0,  0.000D0)
 5,  2  (-0.007D0,  0.000D0)
 5,  3  ( 0.001D0, -0.000D0)
 5,  4  (-0.015D0,  0.000D0)
 5,  5  ( 0.001D0, -0.000D0)
------------------- [ 1, -1] hopping------------------------
 1,  1  (-0.028D0,  0.000D0)
 1,  2  ( 0.152D0, -0.001D0)
 1,  3  ( 0.020D0,  0.014D0)
 1,  4  (-0.111D0,  0.001D0)
 1,  5  ( 0.001D0, -0.000D0)
 2,  1  (-0.155D0,  0.001D0)
 2,  2  ( 0.305D0,  0.000D0)
 2,  3  ( 0.026D0,  0.021D0)
 2,  4  ( 0.042D0,  0.002D0)
 2,  5  ( 0.013D0,  0.009D0)
 3,  1  (-0.020D0,  0.016D0)
 3,  2  ( 0.028D0, -0.020D0)
 3,  3  ( 0.089D0,  0.000D0)
 3,  4  ( 0.005D0, -0.003D0)
 3,  5  (-0.088D0, -0.000D0)
 4,  1  (-0.110D0,  0.001D0)
 4,  2  (-0.045D0, -0.002D0)
 4,  3  (-0.005D0, -0.004D0)
 4,  4  ( 0.064D0, -0.001D0)
 4,  5  (-0.001D0,  0.001D0)
 5,  1  (-0.000D0, -0.000D0)
 5,  2  (-0.012D0,  0.010D0)
 5,  3  ( 0.089D0,  0.001D0)
 5,  4  ( 0.000D0,  0.000D0)
 5,  5  (-0.070D0,  0.000D0)
------------------- [ 1, 0] hopping------------------------
 1,  1  (-0.026D0, -0.000D0)
 1,  2  ( 0.009D0, -0.002D0)
 1,  3  (-0.019D0,  0.000D0)
 1,  4  ( 0.031D0,  0.000D0)
 1,  5  (-0.013D0,  0.000D0)
 2,  1  ( 0.010D0,  0.002D0)
 2,  2  (-0.005D0, -0.000D0)
 2,  3  ( 0.003D0, -0.001D0)
 2,  4  (-0.019D0, -0.002D0)
 2,  5  (-0.009D0,  0.000D0)
 3,  1  (-0.019D0, -0.001D0)
 3,  2  ( 0.003D0,  0.001D0)
 3,  3  ( 0.002D0, -0.000D0)
 3,  4  ( 0.019D0,  0.001D0)
 3,  5  (-0.001D0,  0.001D0)
 4,  1  ( 0.030D0,  0.000D0)
 4,  2  (-0.018D0,  0.002D0)
 4,  3  ( 0.019D0, -0.001D0)
 4,  4  (-0.034D0,  0.000D0)
 4,  5  (-0.002D0, -0.000D0)
 5,  1  (-0.013D0,  0.000D0)
 5,  2  (-0.008D0,  0.000D0)
 5,  3  (-0.000D0, -0.001D0)
 5,  4  (-0.002D0, -0.000D0)
 5,  5  (-0.000D0, -0.000D0)
------------------- [ 1, 1] hopping------------------------
 1,  1  (-0.035D0,  0.000D0)
 1,  2  ( 0.021D0, -0.014D0)
 1,  3  (-0.153D0,  0.001D0)
 1,  4  ( 0.106D0, -0.001D0)
 1,  5  (-0.000D0, -0.000D0)
 2,  1  (-0.019D0, -0.016D0)
 2,  2  ( 0.093D0, -0.000D0)
 2,  3  (-0.029D0, -0.021D0)
 2,  4  (-0.005D0, -0.004D0)
 2,  5  ( 0.090D0,  0.000D0)
 3,  1  ( 0.149D0, -0.001D0)
 3,  2  (-0.028D0,  0.022D0)
 3,  3  ( 0.301D0,  0.000D0)
 3,  4  ( 0.051D0,  0.001D0)
 3,  5  ( 0.013D0, -0.009D0)
 4,  1  ( 0.108D0, -0.001D0)
 4,  2  ( 0.006D0, -0.004D0)
 4,  3  (-0.048D0, -0.001D0)
 4,  4  ( 0.071D0, -0.001D0)
 4,  5  (-0.000D0, -0.001D0)
 5,  1  ( 0.000D0, -0.000D0)
 5,  2  (-0.090D0, -0.000D0)
 5,  3  (-0.012D0, -0.010D0)
 5,  4  ( 0.001D0, -0.001D0)
 5,  5  (-0.071D0,  0.000D0)
------------------- [ 1, 2] hopping------------------------
 1,  1  ( 0.012D0, -0.000D0)
 1,  2  (-0.001D0, -0.000D0)
 1,  3  ( 0.001D0,  0.000D0)
 1,  4  (-0.008D0,  0.000D0)
 1,  5  ( 0.002D0,  0.000D0)
 2,  1  (-0.001D0, -0.000D0)
 2,  2  ( 0.006D0,  0.000D0)
 2,  3  (-0.001D0,  0.000D0)
 2,  4  (-0.000D0, -0.000D0)
 2,  5  (-0.005D0, -0.000D0)
 3,  1  ( 0.001D0,  0.000D0)
 3,  2  (-0.001D0, -0.000D0)
 3,  3  ( 0.000D0,  0.000D0)
 3,  4  ( 0.003D0, -0.000D0)
 3,  5  (-0.000D0,  0.000D0)
 4,  1  (-0.008D0,  0.000D0)
 4,  2  (-0.001D0,  0.001D0)
 4,  3  ( 0.003D0, -0.000D0)
 4,  4  ( 0.004D0, -0.000D0)
 4,  5  ( 0.002D0, -0.000D0)
 5,  1  ( 0.002D0,  0.000D0)
 5,  2  (-0.005D0,  0.000D0)
 5,  3  (-0.000D0, -0.000D0)
 5,  4  ( 0.002D0,  0.000D0)
 5,  5  ( 0.002D0, -0.000D0)
------------------- [ 2, -2] hopping------------------------
 1,  1  (-0.007D0,  0.000D0)
 1,  2  ( 0.016D0,  0.000D0)
 1,  3  ( 0.002D0,  0.002D0)
 1,  4  ( 0.014D0,  0.000D0)
 1,  5  (-0.000D0, -0.000D0)
 2,  1  (-0.016D0, -0.000D0)
 2,  2  ( 0.062D0,  0.000D0)
 2,  3  ( 0.009D0,  0.007D0)
 2,  4  (-0.015D0,  0.001D0)
 2,  5  (-0.000D0, -0.000D0)
 3,  1  (-0.002D0,  0.002D0)
 3,  2  ( 0.009D0, -0.007D0)
 3,  3  (-0.005D0,  0.000D0)
 3,  4  (-0.002D0,  0.002D0)
 3,  5  ( 0.002D0, -0.000D0)
 4,  1  ( 0.014D0,  0.000D0)
 4,  2  ( 0.014D0, -0.001D0)
 4,  3  ( 0.002D0,  0.001D0)
 4,  4  (-0.045D0,  0.000D0)
 4,  5  (-0.000D0, -0.000D0)
 5,  1  (-0.000D0,  0.000D0)
 5,  2  ( 0.000D0, -0.000D0)
 5,  3  (-0.002D0,  0.000D0)
 5,  4  (-0.000D0, -0.000D0)
 5,  5  ( 0.012D0,  0.000D0)
------------------- [ 2, -1] hopping------------------------
 1,  1  (-0.002D0, -0.000D0)
 1,  2  ( 0.013D0, -0.001D0)
 1,  3  (-0.005D0,  0.001D0)
 1,  4  ( 0.010D0, -0.000D0)
 1,  5  (-0.006D0,  0.000D0)
 2,  1  ( 0.013D0,  0.000D0)
 2,  2  (-0.001D0, -0.000D0)
 2,  3  ( 0.009D0, -0.000D0)
 2,  4  (-0.020D0, -0.001D0)
 2,  5  ( 0.006D0, -0.000D0)
 3,  1  (-0.004D0, -0.001D0)
 3,  2  ( 0.009D0,  0.000D0)
 3,  3  ( 0.003D0, -0.000D0)
 3,  4  ( 0.011D0,  0.002D0)
 3,  5  ( 0.002D0, -0.001D0)
 4,  1  ( 0.010D0,  0.000D0)
 4,  2  (-0.019D0,  0.002D0)
 4,  3  ( 0.011D0, -0.001D0)
 4,  4  (-0.030D0,  0.000D0)
 4,  5  ( 0.015D0, -0.000D0)
 5,  1  (-0.006D0,  0.000D0)
 5,  2  ( 0.006D0,  0.000D0)
 5,  3  ( 0.002D0,  0.000D0)
 5,  4  ( 0.015D0, -0.000D0)
 5,  5  ( 0.001D0, -0.000D0)
------------------- [ 2, 0] hopping------------------------
 1,  1  (-0.015D0, -0.000D0)
 1,  2  (-0.013D0,  0.001D0)
 1,  3  ( 0.011D0, -0.001D0)
 1,  4  (-0.000D0, -0.000D0)
 1,  5  (-0.037D0,  0.000D0)
 2,  1  ( 0.012D0,  0.001D0)
 2,  2  (-0.015D0,  0.000D0)
 2,  3  ( 0.022D0, -0.000D0)
 2,  4  ( 0.013D0, -0.001D0)
 2,  5  (-0.002D0,  0.000D0)
 3,  1  (-0.011D0, -0.001D0)
 3,  2  ( 0.022D0,  0.001D0)
 3,  3  (-0.006D0,  0.000D0)
 3,  4  ( 0.015D0, -0.001D0)
 3,  5  ( 0.003D0, -0.000D0)
 4,  1  (-0.000D0,  0.000D0)
 4,  2  (-0.012D0, -0.001D0)
 4,  3  (-0.016D0, -0.001D0)
 4,  4  ( 0.005D0, -0.000D0)
 4,  5  (-0.000D0, -0.000D0)
 5,  1  (-0.037D0, -0.000D0)
 5,  2  ( 0.002D0,  0.000D0)
 5,  3  (-0.004D0, -0.000D0)
 5,  4  (-0.000D0,  0.000D0)
 5,  5  (-0.035D0, -0.000D0)
------------------- [ 2, 1] hopping------------------------
 1,  1  ( 0.012D0, -0.000D0)
 1,  2  ( 0.001D0, -0.000D0)
 1,  3  ( 0.001D0,  0.000D0)
 1,  4  (-0.008D0,  0.000D0)
 1,  5  (-0.002D0,  0.000D0)
 2,  1  ( 0.001D0, -0.000D0)
 2,  2  ( 0.005D0, -0.000D0)
 2,  3  ( 0.001D0,  0.000D0)
 2,  4  (-0.001D0, -0.000D0)
 2,  5  (-0.005D0,  0.000D0)
 3,  1  ( 0.001D0,  0.000D0)
 3,  2  ( 0.001D0, -0.000D0)
 3,  3  ( 0.001D0,  0.000D0)
 3,  4  ( 0.003D0, -0.000D0)
 3,  5  (-0.001D0,  0.000D0)
 4,  1  (-0.008D0,  0.000D0)
 4,  2  (-0.000D0,  0.001D0)
 4,  3  ( 0.003D0, -0.000D0)
 4,  4  ( 0.004D0, -0.000D0)
 4,  5  (-0.002D0, -0.000D0)
 5,  1  (-0.002D0,  0.000D0)
 5,  2  (-0.005D0,  0.000D0)
 5,  3  (-0.001D0, -0.000D0)
 5,  4  (-0.002D0, -0.000D0)
 5,  5  ( 0.002D0, -0.000D0)
------------------- [ 2, 2] hopping------------------------
 1,  1  (-0.006D0,  0.000D0)
 1,  2  ( 0.002D0, -0.001D0)
 1,  3  (-0.016D0, -0.000D0)
 1,  4  (-0.013D0, -0.000D0)
 1,  5  (-0.000D0,  0.000D0)
 2,  1  (-0.002D0, -0.002D0)
 2,  2  (-0.005D0,  0.000D0)
 2,  3  (-0.009D0, -0.007D0)
 2,  4  ( 0.002D0,  0.002D0)
 2,  5  (-0.002D0,  0.000D0)
 3,  1  ( 0.016D0,  0.000D0)
 3,  2  (-0.010D0,  0.007D0)
 3,  3  ( 0.061D0, -0.000D0)
 3,  4  (-0.013D0,  0.001D0)
 3,  5  ( 0.000D0,  0.000D0)
 4,  1  (-0.013D0, -0.000D0)
 4,  2  (-0.002D0,  0.001D0)
 4,  3  ( 0.014D0, -0.001D0)
 4,  4  (-0.045D0,  0.000D0)
 4,  5  ( 0.000D0,  0.000D0)
 5,  1  (-0.000D0, -0.000D0)
 5,  2  ( 0.002D0, -0.000D0)
 5,  3  (-0.000D0, -0.000D0)
 5,  4  ( 0.000D0,  0.000D0)
 5,  5  ( 0.012D0, -0.000D0)
